0 ||| these days , several hail storms caused property damage . ||| 0.618926280306 ||| dieser Tage haben mehrere Hag@@ el@@ stür@@ me für Sach@@ schäden gesorgt . ||| 14 11
0.038708884395562984 0.40938434754868314 0.07409198266865581 0.014215226938172268 0.31942878852010537 0.016171802877324004 0.001096192566667104 0.0050859904541184576 0.004696419649807344 0.012400005768859152 0.024736848773411948 0.0038565791322865057 0.04984615333281791 0.026280777373528522
0.014010110047269472 0.0295387857635287 0.7869787897443407 0.014420999917806168 0.03300544012943608 0.015254752686461414 0.003141518168477529 0.042044648430970465 0.01495619622662628 0.013999404207771245 0.004930873314277662 0.0024785736912365033 0.011568444544661001 0.013671463127136975
0.026204171284529128 0.02191647002318288 0.014258339608592796 0.09302073340137286 0.5832689057892952 0.016904120010047357 0.0006057404852311082 0.002951440748994188 0.0034017109873568504 0.009650180689241188 0.015477656110784607 0.0033215598222268187 0.1764202691824028 0.03259870185674216
0.02441909546575866 0.018063414827922678 0.0037236662700690093 0.04897521467829761 0.6869355553129209 0.016959858166690295 0.0015475193382460458 0.010234295811496059 0.011367585242164129 0.017900511835679037 0.012871848690276723 0.004344628921741125 0.09753219257933715 0.0451246128594004
0.003995426029626163 0.00033157162664870706 0.0019373798205961207 0.004827797880981618 0.01806429544709727 0.9181486627936086 0.0009335902630435414 0.02357758049276806 0.005060281624626915 0.0025843922677920893 0.010121298933661677 0.0022164989807854055 0.0029647262619104833 0.005236497576853631
0.0044174277720461196 0.0006037150587454589 0.0006326959766379525 0.022531222931286926 0.0044817944038723296 0.003499253485735297 0.028299550124579378 0.7204962185340273 0.15110543136869037 0.02044397274028296 0.004649725668999841 0.004384513265444158 0.026910024276615787 0.007544454393036035
0.00409300478116309 0.007669638262481507 0.003009275511240333 0.15265094891232556 0.008865056799608835 0.0025428813201139253 0.0004622537618286153 0.008886548466749921 0.023252017143870058 0.2820185904107316 0.019282699849176153 0.010816571330830707 0.4437735897583751 0.032676923691504475
0.0009092230574484605 0.0009767959891107832 0.0003294641015840638 0.00040459356405776455 0.01243154141255204 0.0012320280178620194 9.385936783403921e-05 0.0004662398139057424 0.0011046329631906845 0.04528590675495322 0.895779086897406 0.02509204436848329 0.006378178179740177 0.009516405511871854
0.002819031570271638 0.0003707964505433602 0.0003304553010772184 0.00027990671586388863 0.0014528030089372944 0.0004061470195867245 9.016734461943387e-05 0.0007106513607450501 0.00021414368693869684 0.0061758881964755225 0.0621591561998803 0.88710225963465 0.008159043017044183 0.029729550493366647
0.1387206149013775 0.03782569116624478 0.01207867309893237 0.0215102327722605 0.04563806976739574 0.005729618582180389 0.0008725760363075438 0.004255839275844644 0.004571907302596878 0.026840876781500683 0.06472673582664472 0.0413682112988604 0.024805192517617605 0.5710557606722362
0.11858497726123761 0.06433891171635713 0.02268643329597261 0.04175263359905686 0.025124900900253034 0.003100938538015049 0.0015171941042024391 0.0011986554464691573 0.0031881043422218773 0.005983633399077063 0.044282819686589495 0.014780651907593534 0.021237874164568658 0.6322222716383857

1 ||| new sensors should now allow for better forecasting . ||| 0.852461005326 ||| neuartige Sensoren sollen nun bessere Prognosen erlauben . ||| 9 10
0.02725614450974653 0.8664813998340016 0.010536656155636249 0.008466471171266778 0.05353717019148151 0.009964977268215349 0.0009397740871800433 0.004071561702488704 0.018745845079983288
0.08041758951288341 0.15550133319961665 0.6772996367218298 0.012388177320451794 0.006230518014634383 0.007887290653931327 0.023508092258317462 0.008541519601066644 0.02822584271726841
0.12127389301045585 0.02857533477716282 0.019671779154657003 0.46716387475841553 0.175428770262381 0.01643441690004701 0.003644529897562878 0.09477579462107301 0.07303160661824495
0.024517821871559927 0.011204258154805717 0.0036320743704482063 0.051984015626861724 0.43830329438214194 0.06250373318419826 0.05594584026096741 0.3230938131011251 0.028815149047891894
0.03064591000328618 0.008028050771389107 0.003548403186680424 0.04560221960947558 0.06835884291921664 0.12619438842935154 0.03773492819761067 0.6331468259044445 0.04674043097854517
0.032641791833647106 0.08798635267930946 0.006787152344564715 0.00901453924523515 0.021102527316057763 0.5791208035290247 0.13707143930821247 0.06607559742041207 0.060199796323536496
0.016654381850355587 0.021034185965660368 0.001150018379339647 0.0012361576670300498 0.02020541079662528 0.7881916285074981 0.06018978441379685 0.05944269178635196 0.03189574063334208
0.004159969585681094 0.0028372076568375904 0.0009490600855911798 0.0014896744624235602 0.0018531529503216131 0.018189807413021935 0.9447157785986022 0.008833594864700098 0.01697175438282065
0.21620613221378499 0.027531243492679377 0.00881440134738606 0.019401695182731424 0.04223755549715227 0.05491278243246452 0.09842476563214332 0.12830996444386691 0.40416145975779116
0.3562043745270009 0.13791705356037795 0.03706233843981588 0.01132973674289665 0.010358363240181398 0.00996176522291875 0.01742231018172752 0.0061820609664287735 0.41356199711865216

2 ||| in Switzerland , it is so often that in the mountains different layers of air colli@@ de . ||| 0.973324312929 ||| in der Schweiz ha@@ gelt es so oft , weil in den Bergen verschiedene Luft@@ schichten aufeinander@@ pr@@ allen . ||| 21 19
0.06147089095468814 0.11844462301739368 0.10346260794724871 0.17574225125240955 0.09850419269219605 0.018582259615267546 0.05001794778630648 0.07912758873914665 0.10759764976344706 0.013934824272645452 0.021476591642957246 0.008629507596860564 0.01804143713050194 0.015763022716550997 0.04643257258931081 0.009102469588801941 0.002964434956046735 0.01101613746703361 0.009229201425156524 0.0037785646331219337 0.026681224212908493
0.011031399344598528 0.01766058534348403 0.19901888973643259 0.6308590186561148 0.010486639857177026 0.0002674202164936301 0.00422306233120317 0.01512626825273978 0.015691194852272317 0.0009821682557393599 0.0013746353123563772 0.0014681920954089734 0.0313968182275233 0.03777394021161228 0.0036792713698426418 0.0012205877928745002 0.0003208763613992212 0.0011379368158911268 0.0012688508454920169 0.0003414301049598664 0.014670814016384402
0.030487707969217164 0.020947411146899256 0.023379086534068765 0.05013320199164543 0.3680959615666766 0.05693738942642736 0.12016978579114587 0.12380557129734175 0.07431657690686777 0.014647795021037103 0.012575208744686376 0.0031031946586022336 0.0065688206546075925 0.003944875044958643 0.05660742729858901 0.0020739438706092405 0.0009729160834803215 0.005598424838217401 0.0026895331824966927 0.0009100568970224348 0.022035111075402593
0.015664797814308844 0.003341022856708024 0.002493765911513692 0.015365887551158986 0.14938376079511706 0.06512698627255428 0.22374845578730146 0.12530018771864027 0.1614735135150859 0.020790502631492982 0.059606163411653486 0.00902664110826743 0.021562131201566997 0.007291176036456164 0.06310164799171597 0.014274636395407736 0.0048639031424648925 0.01155527497819247 0.006251624007686157 0.003284467165444062 0.016493453707263003
0.01436801531167219 0.0022448178625362053 0.0017063288917549047 0.001011213831083064 0.21879943149094974 0.051017983337557436 0.03122535435466761 0.16089212575308864 0.40803374895391226 0.03549410269374008 0.02627892559610669 0.00358008089253057 0.005659774649421653 0.0015500258793190462 0.0027083382096591696 0.0008499187648140508 0.00041358593675447906 0.008840861962777799 0.0031831166339781783 0.0006706886206587464 0.02147156037301733
0.02059840552887569 0.004920014691121152 0.00435797059504254 0.010476792634876553 0.22229890979690772 0.06053625959435023 0.016127508734355617 0.122512397622039 0.23144254619590277 0.10869143141816685 0.09418165515502633 0.01029714798823098 0.011592463940141967 0.0035694123987137253 0.021005072776376452 0.0034121643855832824 0.002054631239926904 0.010820213111757224 0.005534725170347529 0.0021332690428122482 0.033437007979445
0.012717426485231277 0.0015266709411865342 0.0010446518071620182 0.0019306687967973889 0.033530686530157575 0.010196530715401556 0.002147985866942139 0.01249581661743019 0.8465167982488854 0.027068819602172296 0.02378492590930057 0.0022106974987032434 0.003796163146447038 0.000966196243074433 0.002739867331123851 0.0015737248413874101 0.0005801416046479856 0.005166290278251409 0.0015300943836671823 0.00035811777079355233 0.008117725381236974
0.03814628842107833 0.005039057580186135 0.004948993814608544 0.004767756925028247 0.257978862404648 0.04166765654054506 0.021149276433853507 0.04831767170109391 0.11051433967767987 0.1443566984517039 0.20874910535667413 0.010859252644430488 0.02416720799029279 0.005276473238189188 0.0155808378358641 0.0069457550768244275 0.0015113457110606885 0.012155102132192987 0.009699450183548357 0.00520975540101536 0.02295911247948218
0.01255743691198047 0.00990917999753612 0.008992892670920627 0.010864345364589734 0.04227416715127823 0.012306966196771995 0.03668759358178665 0.03852461795873803 0.02568422874060356 0.02314513364817009 0.03474317307780107 0.15221261044211895 0.1365750972574286 0.07713204946703031 0.17267999773509046 0.0423010112827771 0.02254699235070295 0.06768055498296935 0.03488205751354027 0.018349747459219856 0.019950146208945425
0.0020798244010579994 0.0007531302785857661 0.010990563419450632 0.04593292871637798 0.0018221641758904166 6.278232655649071e-05 0.00042545054005394434 0.0013292989571547958 0.0006928520875454381 0.001129655660074719 0.018847548858527435 0.014864494366942014 0.24313249725435834 0.5746767434165013 0.021174399528752295 0.015445351040995802 0.004709724934017289 0.011120640779524106 0.011802783950513738 0.0026686791703681143 0.016338486136751384
0.0006955141479854348 3.916926316857946e-05 0.0010591791799328873 0.005884172202992255 0.0006051152301913308 2.7973554390455236e-05 0.00013701136292290454 0.00015418840327419717 9.464862138851738e-05 0.0003176675075074482 0.0018847133092712066 0.0035115061266319594 0.05168261227667756 0.8836713900785423 0.009497324194409629 0.02094884658252506 0.004856610745548173 0.0006632167325518553 0.000563886387941118 0.0003346088722543799 0.01337064521989251
0.008824997591955179 0.0025075243295839722 0.004148470932411081 0.006122729222748743 0.011967978377201705 0.00718719645110818 0.0018190660169218901 0.004821339817888654 0.009452871217900961 0.000832108410017351 0.005072108599767305 0.03548644892185388 0.0286739482609906 0.021182447170132755 0.5083222822461054 0.04576842888637473 0.020281013545569816 0.2075029488358139 0.04182497014034417 0.0062231937493788326 0.021977927275930977
0.0010318563724191776 2.7312308795039695e-05 0.00013220751659418268 5.0215961153575545e-05 5.067868129053998e-05 9.771247829083683e-06 0.00012444751901810673 0.00010376079471662772 2.9665894236021967e-05 3.636033228249906e-05 0.0002561885475196354 0.0015089318253458663 0.0019177082066253299 0.0014689424926844143 0.004929481647496026 0.9656098802398555 0.005655737316300818 0.007787751868549577 0.004201289804709137 0.0005217795754131287 0.004546031847165756
0.0035527545149052334 0.0004639682255944882 0.0011114443915690294 0.0003303041361757686 0.002688260635435521 0.000783547890629492 0.001316834906775546 0.0014215412405509805 0.0018719330508235163 0.00026496368883457955 0.0015442205144464735 0.0026913919012914542 0.005397358870756698 0.0012027995185377011 0.01545611906766742 0.10028746576941837 0.021935998118718943 0.6989109401218055 0.10218986241600654 0.010056204963742883 0.02652208605631371
0.0005008033458162248 1.3981846008884931e-05 0.00017834403963569453 0.00022787923702642724 3.7196294020687626e-05 1.419153929848493e-06 2.0063107756342973e-05 1.0897476555586564e-05 6.38105263578437e-06 1.5530884250381547e-05 2.0491317212627047e-05 0.00010830766139903175 0.0004891653441834702 0.0020867498871341593 0.0016979401611991875 0.9779698770096997 0.003469333648056359 0.009423564557460877 0.0012780045080451243 0.00024192765620570527 0.0022021418117677766
0.007277343834633272 0.0005968502455067397 0.0018140698428245438 0.0003179597081349438 0.004381707124431971 0.0014077096205235616 0.00149769265532871 0.003698153696087545 0.0019409273183782496 0.00019066271151411618 0.001342578771384704 0.0007480232806459536 0.00360611767231911 0.00016948902518423416 0.001873666454221475 0.00902041453809563 0.022841003833885935 0.727990381582454 0.17991359393815723 0.01937041630839854 0.010001237837889415
0.06394540048586403 0.0029958444793650317 0.005009418045041244 0.0009595457878157923 0.003238547877091368 0.007956988626714052 0.0010038894347567807 0.00445315948876125 0.0031166909349199384 0.0013745962727451197 0.008005968659456592 0.0006234508793640927 0.0023856137133563427 0.0010611963115467818 0.00333209093505906 0.00236690062905473 0.024735186253405612 0.06400788662237122 0.13102158572509257 0.36534044382213 0.3030655950160885
0.01721907106875458 0.01652717598603439 0.02656753037072443 0.004377525568929689 0.012219012208134244 0.0041075550102697995 0.006164860178888049 0.061933597328720974 0.04360062062641295 0.006915001519543001 0.012376481956831518 0.027130964891950965 0.05596562935333203 0.002055640769328909 0.07028858361402354 0.025320881181360055 0.005543577954308065 0.14814876712427538 0.1411541432501695 0.13173018331325528 0.18065319672475258
0.15346729355464753 0.009293647355808237 0.04942918926480907 0.032607350176632424 0.004227763056960599 0.0017730157745199768 0.0026019567929853947 0.0031744455254290593 0.007943027255086884 0.0012092675111822532 0.0007947041246433986 0.00920954349583469 0.016353220151632552 0.009796447861098895 0.036743294365371784 0.05297183740280107 0.02163595041644811 0.04436946855491263 0.061344116827893404 0.0655432520376938 0.41551120849360823

3 ||| there &apos;s already the weather radar of Meteo@@ Switzerland showing off where it &apos;s just ha@@ unting . ||| 0.797248331612 ||| es gibt bereits den Wetter@@ radar von Meteo@@ schweiz , der anzeigt , wo es gerade ha@@ gelt . ||| 20 19
0.038206477960712366 0.3385907928610087 0.15203798529097645 0.13956497766657353 0.04150482546416281 0.08180685847909072 0.007088049331290126 0.031321106294117336 0.08474339589816435 0.003993104708817719 0.0019774981913714975 0.009457392600703933 0.023363632396925755 0.007134384731358014 0.0062302819907958 0.0010446935287796817 0.005089065298716445 0.006298766869353581 0.0013447312110958461 0.019201979225985388
0.01968713358920487 0.03218140401746998 0.2764205756067186 0.4494805900007173 0.08347733540806423 0.02379181099247117 0.009556956876141172 0.02082755636445183 0.009650815798183983 0.0008536327546309521 0.0011194593191085542 0.0062263476854059596 0.015408940635938125 0.0012975697620734518 0.0028133193916887542 0.0027984536152008063 0.005620807611168906 0.0037168846960660366 0.0005067220643626923 0.034563683810932694
0.023672106383752785 0.02879972594675684 0.04379637051277562 0.3511216446802009 0.2424302623709034 0.1467414036003505 0.024661699991458837 0.017770701148066052 0.03744251088818191 0.0012207726059627938 0.0009890002661671344 0.00701226410160844 0.02352095697111076 0.003246781775135003 0.0029599201424100083 0.001249313592777375 0.010298963198777267 0.01158705348345121 0.0008114342802045467 0.020667114059948657
0.02268815668466242 0.005279327019701615 0.06518232350365168 0.020179171018487655 0.3855313681370924 0.28162143275279533 0.010928747613554477 0.011313985884039673 0.05642755002149613 0.0009720263246581025 0.0008653169019852407 0.0019336994578768244 0.016603936581928026 0.0010754859736229418 0.0020172885969938605 0.0005731200247879154 0.002729421927990195 0.027131588604801218 0.0006452247854406299 0.08630082818443377
0.005182796723844021 0.00017089669536289053 0.0009873236142993842 0.001431392350500296 0.021745887033872004 0.9143446773778785 0.022207220431742444 0.006365019769806518 0.010807395287030522 0.00213603740923701 0.00016935449550436413 0.0004253051067165904 0.0019158114825248754 0.0006522319816557525 0.0003659983476828761 0.00021311768667577267 0.001199252627301349 0.0019465241607494201 0.0002777770855313278 0.007455980332084288
0.0013340735422102624 2.0223225601969583e-05 0.00021391934870227373 0.00040870589215404133 0.0014559084560188213 0.009653058065243069 0.9576208496454719 0.01609671568638251 0.00398398772152014 0.0010071585167477878 6.822018156726099e-05 0.00023182709015775207 0.00048129543489292426 0.0001960735146364682 0.00022953010637599504 0.00024343242509285035 0.0001536557256573234 0.0004851470845213215 9.377188142461475e-05 0.006022446455620966
0.00558091820328468 0.000186292307821331 0.004248364930440788 0.0021541527955191483 0.0025128197107370516 0.001847631242166369 0.01102874247197324 0.8735632758264983 0.035984707154445746 0.004393115338943992 0.008262238926639912 0.008044281131928128 0.01411275152448604 0.0013400548867184283 0.0027071802968821512 0.0002767921478184412 0.0007814151966200265 0.0010536684017276269 0.00017374625869902226 0.021747851246649765
0.00039118178601914484 2.5185215882544284e-05 8.64037201670983e-05 3.612997154521352e-05 6.46473751442528e-05 0.0011174912090324244 5.150015545472612e-05 0.013133195418455895 0.9765701918563814 0.002703638707835203 9.16718077931871e-05 9.845296973827723e-05 0.0002541586819316192 0.00016451099014121566 0.000462438252205932 6.703302364224802e-05 0.00033758212261546054 0.0002768328863323451 4.368180527535591e-05 0.004024072044406504
0.002022626786168595 1.9393870957338584e-05 3.0069267720567496e-05 3.354546551611563e-05 8.52564218870989e-05 9.603573226758354e-05 0.000447908558226343 0.004853080186920049 0.0030711766539558783 0.9711926071880291 0.0027908668648098348 0.0022974291979812413 0.0005087288290391468 0.000781855941164409 0.0003260454320011487 9.447303821778094e-05 0.0001314149066954886 0.0003379867048246191 0.00028404395288482805 0.010595455000732832
0.009688049171958096 0.004548905357121517 0.01579297267353612 0.01596413782991866 0.00902989091357135 0.01463768324684316 0.001679215784079017 0.024915251525473213 0.005713127711086486 0.0014193796482857323 0.12027296914028764 0.43439949439933334 0.2436628724738513 0.013694644234396302 0.020350102841352396 0.002484820241952464 0.009051729160261007 0.015300271817125271 0.004269724097020869 0.03312475773254591
0.007313610417078905 0.0020251940209730776 0.0009065054299468538 0.0014553768984386733 0.005092341549757712 0.015992457820856076 0.0017066819144623516 0.005202325792344196 0.025308409464688805 0.0019267691335695708 0.00679399705618115 0.0852882760946129 0.10733923141816912 0.4362733524923874 0.16748183729385838 0.03179121307696458 0.01860215762968868 0.030159166880661042 0.0014180359949185002 0.04792305962044205
0.003531838309520319 0.0007781411364810462 0.0007431080748595633 0.0008269339862915905 0.002168738471150335 0.00483217027579542 0.0007425244922379321 0.001991882882250652 0.009568867048642191 0.0010703327260707925 0.0010537509206247607 0.05648642758253081 0.038310143921735984 0.4021729250187051 0.33705624052178657 0.014983876333616043 0.05873098405106008 0.029976523093516613 0.0015697428984969013 0.03340484825462722
0.0005558250658798905 0.0003603627841099676 0.00027747742597251436 0.0006557204709896474 0.0002670153637403827 0.00048471321241408134 0.00010676674706547113 0.00019897150384553844 0.002340856454203239 0.0002622903667134213 1.6037402560735003e-05 0.0004719046473251343 0.00251756368866366 0.0016777760290146175 0.013447011026811383 0.49190355302218697 0.25163593305075815 0.19028385850759377 0.01214357378219122 0.03039278944796021
0.0014294779482248849 0.00021296344973928527 0.000620990815200477 0.0019760645556168477 0.00025759508689002567 0.0005155143872369101 0.0003018229220090266 0.0001682767907419349 0.00017874835357705246 0.00010043701107965704 6.215561530124786e-05 0.0007582388062557316 0.0006997413198312865 0.0008494707648377994 0.0020453649835182833 0.03553246628722362 0.48922870812524505 0.36896632247722944 0.03691389868466662 0.05918174161557479
0.0015476845796877081 0.00025270173897632407 0.0007648591365778714 0.0038961520818904384 0.0006770250825545646 0.00048665997145219366 0.00018487157918530155 0.0002636385394138786 0.00030160574756507786 0.00010009632605175694 6.753793599000855e-05 0.0007099588215016495 0.000700997180774625 0.0006659883972978505 0.002967245550039563 0.014231614511796949 0.4932976796311774 0.3486621440070624 0.043993355986900656 0.08622818319410379
0.0008193498420957826 0.0002907046469772454 0.0005581993402637997 0.0003278375854970545 0.0017117884612154854 0.002509323910394963 0.0002836733018890508 0.0005012765851896768 0.0009536530204467565 0.00030338768637930936 6.375258858468645e-05 0.00021394123271951298 0.00046706368077818793 0.00017077182590455995 0.006767773865019041 0.0073082890562249725 0.025610909635565362 0.7383760253871829 0.029650455459208656 0.1831118228884628
0.0797660870048917 0.0027378230880870263 0.0010100642228124256 0.0003561285659062583 0.005562090653511919 0.006699031800094583 0.0008248367919938813 0.018934948421171487 0.00436235254010652 0.005033421806895049 0.0017166240073135362 0.0035893156393927614 0.0018346183905688762 0.0004973822828642616 0.005232280502996091 0.004436889452083037 0.008454968117379287 0.03948653540570087 0.4103548852674263 0.3991097160388042
0.047849100222767275 0.001981240304064437 0.0022431882905358117 0.0015223820683862733 0.00810418896492959 0.008776325390637985 0.0028538061213013383 0.008230923174513183 0.0074866149889788675 0.010141921620374236 0.001445870112991125 0.0014268102942975986 0.0009849678393667948 0.005183635682800746 0.020486198174706618 0.029628806051155882 0.02171457617972681 0.043239847793197776 0.004645267482321057 0.7720543292429465
0.23934322131634572 0.010751967566993448 0.003128331320904901 0.0022688232157212405 0.010425382551052036 0.015492849436064205 0.0038418640792083235 0.03219392856633929 0.009488358614827143 0.004692346069454515 0.004221454273251203 0.032601757761375416 0.0065859019955490875 0.00244054310482925 0.0054291767206198945 0.01030995541776548 0.013676089998308468 0.00876680631972867 0.002952148989424882 0.5813890926822369

4 ||| it would therefore be more time to put the car in the garage before the shock of the hail , or to warn the farmers better and , in this way , to discharge insurance . ||| 1.40837674692 ||| es bliebe also mehr Zeit , das Auto noch vor dem Hag@@ el@@ schlag in die Garage zu stellen , oder um die Bauern besser vor@@ warnen zu können – und damit auch die Versicherungen zu entlasten . ||| 39 37
0.04591103313457115 0.15375813092557344 0.047501580987621736 0.30568684320611383 0.20313680576491658 0.06070179536524546 0.006392347166402301 0.011154559797763653 0.0252832892814974 0.002089535021637389 0.010757844577905655 0.004171178125337128 0.0035653845086734037 0.00028810280238570127 0.0038158578279304245 0.002199941847358402 0.002020966026501103 0.00335316748110895 0.005562256938319323 0.02377170097437543 0.0026090140288983804 0.009286987864235763 0.0020656709999744105 0.002002971110998371 0.004596611081733311 0.0034809067018207514 0.0012749354244983259 0.0018684200124568556 0.00047593481973953294 0.0023669667233548537 0.005742391925848007 0.0010664761086344866 0.002046219274882097 0.0011347285642445684 0.001577307981278476 0.007432113978912026 0.0015589177161201054 0.0069744497836379754 0.021316654137493368
0.04569149429559033 0.04602556191677179 0.44716004314354446 0.14734943206648657 0.1652115439950949 0.08182011481553511 0.009628917630462582 0.002844827024589898 0.0026372831599046362 0.0035654056371858226 0.001736033720608265 0.0012006866028793244 0.00010511100529504181 0.00010085194898902011 0.0008904815951178379 0.0018113688339956994 0.0023116230298300894 0.00028534320924931863 0.0021229995293576606 0.002012220814246178 0.0006927311598226361 0.0015597118285704944 0.0005897531944895414 0.00015492660960029383 0.00017589756397089616 0.0010704468936578145 0.00037016716695938536 0.0004502132253552317 0.00015392059581409854 0.0009514644324720731 0.0005364119283370673 0.00037206544970281506 0.0005468692501055271 0.0017854806592489322 0.00024849742955857884 0.0002463910754118307 0.000304884423280045 0.0010238400259259294 0.02425498311298194
0.020181778830192794 0.026470660649541282 0.27396664365942136 0.28482682301425777 0.2355535743417915 0.10992852649888069 0.00849827329037037 0.0016668119156509299 0.000679601525352058 0.005119069259638447 0.0013755123892839308 0.0008112830258863213 0.00026258690552605646 0.0002474633337096159 0.00048509391817127656 0.0008823022556311336 0.0003928152191833031 0.0002543647314846735 0.002779448681447755 0.0035873784023643025 0.00033548698794063714 0.0011069166034889857 0.0004250198260832259 0.00016506007277606932 0.00013022181153361507 0.0013124830234829978 0.0007149791046749292 0.0008608007616389736 0.00015157065136027161 0.0007821415286115032 0.00025692172943017475 0.0002476035060210831 0.00027610236494866235 0.001158513121810266 0.00024203333728191575 0.0004163760569772314 0.00019606511001222206 0.0017258679962185695 0.01152582455792297
0.023975558338830538 0.022328721820901086 0.50917471645465 0.019190595894097596 0.3069831706106294 0.08129084251488322 0.009315523990412092 0.000679503177668854 0.00047576290821557394 0.002795263812246156 0.0006292179957885975 0.00044654120322838167 0.00012076619879197887 9.999107947843663e-05 0.0003831937457262433 0.0006436232305047462 0.00041237201850569664 9.143665929172707e-05 0.0017260998418713567 0.002305408545871102 0.0002642898760933653 0.0009678936926273701 0.0001321892180745074 6.800433721614052e-05 4.41106568726876e-05 0.0008385992157044949 0.0003586374288621726 0.0002484872122481643 6.648348099607136e-05 0.0003981585423072027 0.00014242959827141902 0.00018423638274720579 5.109232768663969e-05 0.00047593732382988165 0.00016810871695503195 0.0002126918129386932 0.0005867171253107979 0.001641248069176848 0.010082374940488423
0.01734829596508267 0.020883154079021134 0.19722544362062602 0.008143584583395596 0.5845446832901766 0.10960520273078521 0.02186213469348633 0.0012146564397282212 0.0008081593296002038 0.0023678280329319846 0.0022982251229900965 0.0012869397168672983 0.0008301350236969493 0.0002116696217012191 0.0008383914762439232 0.0009135011207995391 0.0009012916210382736 0.00038385592497776545 0.0011850380065050467 0.0024142527314992743 0.0002640139368201927 0.001269289565839506 0.00018253461401427723 0.00010257947709996573 0.00013892421523812885 0.002889583384487109 0.0005956425982385402 0.0008524344514458688 6.759365802695195e-05 0.0011382975083291675 0.00032485557879094386 0.00011017093069674006 5.0285288014641925e-05 0.00017986187223181465 0.00014224915762554448 0.0006118189149975311 0.0002691949382371458 0.002272587159120215 0.013271639619592494
0.02169226687080271 0.008713844684112909 0.06694288274974415 0.0019786293923183718 0.039459370953967794 0.7989068478384536 0.03263312093158775 0.002187253791664934 0.002812712954409802 0.0008989186498428475 0.0019729940275880716 0.0003513155172454852 0.0001761364891015368 3.307197544766586e-05 4.8993112361603064e-05 0.00019089383956224351 0.00029560351854773814 0.0004996083648809964 0.0005472152682873294 0.0032516487094780937 0.00018703300428229945 0.000328547102129985 4.9085841548756016e-05 1.488359025801618e-05 3.0321841740112585e-05 0.0016040371980218546 0.0008998665862211894 0.0005794582881855127 4.715495362187911e-05 0.00126449101058885 0.00047850377547549276 8.840813599857465e-05 0.00015463045677255923 0.0001210479132373224 0.00012132284814560478 0.00018920629602320368 0.0001736673408783096 0.002044850797080766 0.008030153380384068
0.02151365361150555 0.026373973269552587 0.06773554580872672 0.020934620138063954 0.017595351468531143 0.010556328751263474 0.22387531206610717 0.14610192994477503 0.08171969538446619 0.024566701434446045 0.03681253844039274 0.01516445247768504 0.0018925186918994379 0.0009441386477857136 0.0043251401711143795 0.005803108381712858 0.013106081343427918 0.0036362103884394425 0.03194216968080442 0.1678322396844825 0.006126557967111915 0.014912471825272066 0.000673825506056169 0.0007816648146358091 0.0004612589426709472 0.002076554069653407 0.0016291204911188766 0.005275601492888579 0.0004478306557466264 0.004743596285477682 0.0047473211773977975 0.0009509398057990451 0.0002655927129602785 0.00039578171797302543 0.0007595294203371701 0.0017728308654481753 0.0005784895860669339 0.02216697005538816 0.008802352822814814
0.0053300583785737665 0.0029551911625264183 0.007754056215237541 0.00019235160304111666 0.0014727756150943272 0.004623897112486216 0.005265613293629962 0.10285553718181109 0.0572685938320402 0.03362657033876241 0.033817429516941805 0.01973361514297161 0.010861962411741229 0.0018516554010434643 0.014262510478410973 0.04668969019544866 0.1825244154790933 0.04999212683724058 0.07927600270014766 0.23029263355282406 0.004036348573794943 0.002077922645766966 0.0007610334579756779 0.001705691985089924 0.0019284400733100844 0.004454520565118634 0.00912886608338312 0.01438296138968881 0.0013278147601758345 0.015761045832230397 0.010410062118189034 0.0012858552839485101 0.0002075428609571245 0.0013377015219153067 0.0013892608602565132 0.005725231519263036 0.0029101967412458823 0.023313537709670148 0.007209279568953763
0.002741081217394976 0.0002614504861151919 0.00031336414153822624 1.620636486542439e-05 0.001496887409867702 0.0010471179902732499 0.0004521471000285817 0.14999752197812125 0.344123483459095 0.00844277687963157 0.024565603811875128 0.009071804143822257 0.03595304852736503 0.0008404525167307178 0.010417681186978712 0.03720464920715302 0.1018716517805414 0.1191117592039327 0.020635819770525646 0.04113960008197713 0.007648923063690715 0.003932661941794014 0.0005654888562316256 0.0029185759842893897 0.006029879153146762 0.00751301249496497 0.004219383441704993 0.005377306595425024 0.0009593946594579994 0.0025007394829288433 0.017646219655773863 0.001666466231019994 0.0004515025307468833 0.0001720768147683697 0.001635096368433179 0.008482046240493493 0.002543065954015279 0.008635602148686743 0.007398451124595035
0.0024495110614119737 6.144995172042513e-05 0.0003261195638499511 1.566648445714238e-05 0.0001568455831914975 0.0004832535698315495 0.00029347291508706306 0.037765961357079755 0.574042931571871 0.005355745708830997 0.010474470312619454 0.007626011563550365 0.08994325796225139 0.0029637896409625995 0.013800667940674376 0.008507057312291223 0.02855212787205581 0.16806014464236732 0.002785167700076918 0.0038334716707839156 0.00398322653660371 0.0012090314437857128 0.000575734213276874 0.0009238918090709805 0.0062079906849110186 0.0016191677378434273 0.001210382509035047 0.0013033800303128473 0.00019677260191975558 0.0012102503670558208 0.00597209501741826 0.00041801387794863763 0.00013285803303539988 4.102223493817918e-05 0.0004433806566191517 0.0044391504391584746 0.0006590009689428744 0.0024811832414859086 0.009476343211672936
0.005614544464677713 0.0001566938315816275 0.0019665433324673326 7.831239835114362e-05 0.0009397441835736523 0.0003466530922573343 0.0002590553428089941 0.03956312009028338 0.04298150425074433 0.05140280779079778 0.1046879258123309 0.11667839439774784 0.024561833708544558 0.0006928099008859935 0.028939227619743154 0.07599250500807261 0.32760186384841433 0.054048881964493964 0.03609182478245497 0.03576866433521123 0.013359603019731055 0.0025254554852271855 0.0003759907908564958 0.0004443711462206058 0.0013664985524782663 0.002477898990306977 0.0015869301246397745 0.006639797976622157 0.0003669200276422266 0.003820688457748161 0.0031500892291384088 0.00038632906372197543 4.518196670555701e-05 0.00033268688444717035 0.00027068204657186947 0.0013204240984743825 0.0007330440487082082 0.005489966845465676 0.006934531089850901
0.00450387365131525 9.940965114610662e-05 0.00038514635700032313 1.1051888465915664e-05 0.00015039758403686258 0.00018560253655817258 3.6157312027787756e-05 0.015246832027074836 0.0034435599830135535 0.0015484799831907753 0.047968636244021694 0.015924683118099237 0.03958864582391867 0.0003246942034807348 0.003869316315220294 0.014404689493195587 0.5898287952312323 0.2216224679183649 0.00598919872289873 0.011991836440017088 0.0035848429980794034 0.0018723644362931013 0.0006852030051970864 0.00031706474981815314 0.0007004746787597287 0.0009662609362025164 0.0005207978187864018 0.0014267554304343124 0.0002165929640306814 0.0017547344781405965 0.0021857330930511545 0.00013119054580506642 0.00010803640840342944 8.186214276038454e-05 0.00011515042748363801 0.00024264718385829986 0.00012433199191828914 0.0011685893304286504 0.006673892896270059
0.006366064310438174 0.00018315655517188567 0.0003309137948092064 2.396190570129279e-05 0.00014013748510813506 0.00019742150124000147 1.6760936457186968e-05 0.004368917004074361 0.02478638993077884 0.0026866120264474147 0.02090390226884094 0.010893286625280975 0.05267753090565055 0.00039179529651871915 0.009471911462743132 0.004381296026572004 0.13251817233353527 0.6999172680858462 0.0027969163051526896 0.0036678016629917666 0.0046758863053781635 0.0012285105912976534 0.0005102818250693183 0.0005301893791788599 0.003006878129778545 0.0005417819051746353 0.00029455378071016847 0.0003881129259998713 9.7372739869699e-05 0.000962759367305044 0.0027848817606398405 6.638994135834603e-05 5.980608773626288e-05 9.746819278126309e-05 0.0003375483746221425 0.0006930908106707684 0.00018689663071663255 0.000378402712141066 0.006438972116213068
0.012696843781832102 0.0010730827336321441 0.010254921984296755 0.0004625024154603113 0.0026492722814215257 0.00047933830880260566 0.00020133880171210964 0.017695032605921555 0.011557564091301036 0.06318149738804628 0.47028111208186607 0.17490639360778876 0.037067782213014225 0.0008521508134331024 0.016526085113416255 0.02521004094796126 0.031690124521549665 0.009944739875316685 0.002129521597453579 0.002737175581227807 0.028336565920068897 0.0410618463651342 0.009070158417004943 0.0016510021236523674 0.004025672385511571 0.0031191508895939447 0.001276057787930854 0.004115494181301356 0.0004008740039060464 0.0033712265718480196 0.002838900554600015 0.0006400226912580897 0.0005953506813727537 0.0003823528209213016 0.00018632387075207492 0.0004644871907587511 5.798776806578093e-05 0.0008199034742481406 0.005990101556616659
0.006762337283434548 0.00012774291889741088 0.0015238403753740928 5.4757147737781337e-05 5.451316335928664e-05 4.02322824589673e-05 9.13011656598941e-05 0.01640639745537044 0.03269941979206972 0.0015312791633868747 0.004541282774791711 0.15553762230338933 0.673578809545545 0.009408673609186883 0.032089496845549806 0.0025939822512981566 0.0023581615659742437 0.004057046222109965 0.0006538707822538466 0.008192089585138387 0.0092756019695184 0.002238025078443405 0.0010288006491764245 0.0049345399971675715 0.0034768516743148826 0.002754092892051821 0.001395391425752671 0.007051958433696988 0.0001478854849302558 0.0022811516522927866 0.0021497356432982552 0.0004092674055515197 0.00016253180600701313 9.836745573011425e-05 0.00015044828292040934 0.0006205314638639923 3.4550934643180856e-05 0.0018494772761763808 0.007637934241477489
0.003438311744783627 0.0002379483319138782 0.0009605512253153298 0.00013412807992797118 4.343717025745017e-05 0.0001641322826090532 1.0133415681942178e-05 0.0034305666605487077 0.03715618038599499 0.0010526686128155738 0.00350365706675281 0.018257290583050933 0.6653415548493073 0.00804717880135115 0.1803749098110758 0.00258037041884253 0.003705071202741503 0.0312520164907684 0.0001447265761916789 0.0006447145083801453 0.004273821619335096 0.0009985216873929852 0.0007089549233277767 0.004077585299090717 0.0161892612010911 0.00031601058867294647 0.0005217443255234493 0.001750445733395519 5.9847366132462264e-05 0.0007301360029031966 0.001018446661898781 0.0001664847010478211 0.00010727189000251697 5.69285549285378e-05 0.0001349062062399689 0.0007201263314489819 6.949895580425306e-05 0.0006200729309754943 0.0070003868024776225
0.004672452267519296 0.0004964254637622453 0.010832870754076023 0.000289824384749407 0.0006858991934938779 0.00012871258969765834 0.00010693780991054795 0.0032692151265984667 0.007859334384635689 0.008690910459960066 0.020268832107647867 0.0644783208196239 0.02031392123173 0.020791110769771835 0.579345623978033 0.0195981943374104 0.002288174083726413 0.0015498517528573185 0.0011077107879297774 0.003339950393859792 0.04796547956415367 0.12420631113564023 0.005242260824830911 0.0026498106089094344 0.0022322156254990177 0.0004334050099838299 0.000558168154925924 0.0020962161780770493 0.0017133276788084653 0.004116398769479772 0.0017126133029319842 0.001276778416522112 0.0003684355550848397 0.00042835521762044006 8.475005654946654e-05 0.0004156343289180467 0.0001869968212712689 0.000750440488204159 0.03344812956559558
0.018018615097854438 0.000262808807812538 0.000809502978501423 8.174077455706932e-05 0.0006358936450247461 0.0007646916199427102 5.8038146258453315e-05 0.005612654269877226 0.008230968820276222 0.000690055147296595 0.003204153607296576 0.0888643082654856 0.6742102657596667 0.02105811883398991 0.03827862245142613 0.00365342835339656 0.0034193184447105377 0.00934060282415191 0.00036539654659396744 0.008667862668938438 0.017788496655039416 0.004991032130503311 0.001953736998706275 0.01771040322879578 0.014836619431664987 0.0013833125752732499 0.0012046120378718399 0.001910341687699094 0.0003778543455460102 0.003457082037578019 0.005177162514879954 0.00025212254102000557 0.00012968887676209664 0.00013453081076031463 0.00034423178352718434 0.002231704911773939 0.00014639310247024847 0.0010545314710382436 0.03868909579603241
0.011379476777355665 0.0004810323890844907 0.0016823248208788408 0.00012721139141876514 0.0004082055990410182 0.0012760094518789171 7.288278789960466e-05 0.004375657652373574 0.02620185887926981 0.0013833826355209796 0.004580650530826945 0.06686483976341563 0.6262277426283667 0.01589714864116967 0.03703513967312477 0.004353236709312205 0.007787262069275526 0.11272834375983352 0.0004417171343749314 0.001837770206736773 0.011964553869796479 0.004038988168320653 0.0009185318926371217 0.010203902619376698 0.020803512174940482 0.00107435836531696 0.0009514520097692095 0.0013271347051867727 0.0002010223655835865 0.0013519049424505398 0.006486512304256291 0.00019032684574277867 9.746017619162637e-05 5.733301127657178e-05 0.0003232284356054388 0.0020212538132397067 7.546826845828353e-05 0.0007203699191851751 0.012050792611507294
0.0041910132438454 0.0017153757505328437 0.011909182371781553 0.0015004525902393543 0.002067795449838368 0.0003273473650016891 6.127030271036532e-05 0.004118956300097054 0.009905194767500607 0.011823246632587048 0.03456984937116613 0.05218691912284112 0.02984523036007302 0.01481138919216131 0.31212244607292083 0.01618907573263575 0.005066902549229769 0.010797321646592932 0.000534860385188681 0.0038168946858388214 0.13379023296527723 0.2027196829549454 0.022760925133218955 0.012932855350842775 0.01842340616833308 0.0069852199137138745 0.0023145285199604585 0.011716935646285806 0.0039088441006145174 0.007061323254253456 0.007101247814392093 0.005090637662065131 0.000789197590243356 0.0016432726458769497 0.00017483820760541197 0.0008604647477977616 0.00022892404451598707 0.0017069997590428707 0.03222973962823238
0.0023976800647623146 0.0010799636286027863 0.01081407158349365 0.0024864584222148434 0.0010048814509284376 0.0003228889245704239 0.00012486219285838353 0.0031695587851426573 0.0019619434623425404 0.005745820837398228 0.005476965910401952 0.008485618388907889 0.0013567100181915322 0.0005562690695033731 0.005243575244835033 0.0056238997025096936 0.0024781569211770552 0.0019275432308887817 0.002311447163259348 0.008831151358566287 0.021111033841414682 0.6930387702497471 0.04557475992980129 0.007445395350476726 0.005480503533658494 0.017162695125565137 0.014341039349589314 0.02401735102913765 0.007078117975161514 0.04620442301779879 0.00941430363157934 0.0015441536556601192 0.002348054508443269 0.0034941462322534977 0.0007633784914133614 0.00214018349698528 0.00046092550813011415 0.013505695936672304 0.013475602775956943
0.002602317771103413 0.0017051197437001593 0.008946991495073034 0.0005890636881004668 0.006347907517862452 0.001753114628418444 0.0002649036815926911 0.0021152771947658376 0.0017972713657893637 0.0010962765543375565 0.0030991155082674584 0.002450831137924955 0.003662652474552543 0.0021567058395982053 0.015009667887757846 0.011590979901143897 0.010668015287654627 0.007439310290534292 0.009486737076532832 0.044493763537777606 0.0037346802380139738 0.013573969147483895 0.12232280231813165 0.08215490015681134 0.10252770193833115 0.1720629236592433 0.06219676511660834 0.06956791049400789 0.00901638523079419 0.05249094941857706 0.011688233696594852 0.00034595700242342673 0.01417914005668028 0.005994203902866884 0.006746959935253297 0.027947663286244675 0.01017658369005578 0.07944507985790134 0.01655116827148923
0.000970387248634288 0.00027283191604661743 0.0002443769355668724 4.130450564530919e-05 0.0006003278682296046 0.00041372728482641 2.6173569180875136e-05 0.0014066462273281213 0.0004211972996271077 0.00029477218601687004 0.0013060605739967474 0.000382191411141949 0.00028836618043906405 0.0002394788235731973 0.001655120527500603 0.002132256884548047 0.0036290046534846955 0.001824898465536943 0.005124475331972861 0.023815658954430812 0.0007858758603350182 0.0016433212314939185 0.024810601090384375 0.044362849839887725 0.013504460920771785 0.15402209730936894 0.22338544509870054 0.19662951501072465 0.015967612972209035 0.10495803806199919 0.01711721796117759 0.0011494878264379819 0.0029834727298333804 0.003847902487503452 0.00323205213954005 0.006234187535064499 0.014552950021484422 0.11828875572747051 0.007434899327886009
0.00018870324237442074 0.00012802610195239306 8.908800686362504e-05 8.8217757443218e-05 0.0005272588096212264 4.3086082066754854e-05 6.091701554582966e-06 0.0004924322712888206 0.001613420804196471 2.2426116474462062e-05 0.0003933725526213559 0.00012981657490579673 9.366022093033663e-05 8.059121035705007e-05 0.00021527102973358545 0.00022139724812036965 0.0001547127818785941 0.0002662246538894593 0.00017918482146379988 0.00040112165865819683 0.0005410592483388962 0.0004305923968459612 0.03038931217623708 0.2171232985007178 0.5843094437833086 0.03611506782514579 0.026696519149727725 0.009009387391324295 0.005239632170958208 0.008280079690156907 0.040513532443661175 0.0013941859230324216 0.0006367287195443746 0.0014551893833112774 0.0036122103575108085 0.010459367111409757 0.006785547645520897 0.006159081578601243 0.005515660858252296
0.0006586496860988636 0.00012688476268038292 5.842752830956746e-05 8.796692751139206e-05 0.00011714052703415519 0.0001602856873050159 2.7376710353123867e-06 0.00020485966217199917 0.009084207961005121 1.5569459095853137e-05 0.00014330197994180552 0.00039440531922346853 0.001342896545605147 0.0001394635826022714 0.00397386720260627 0.0003652457383889224 0.0007054325995584501 0.006095109273932598 0.00021060703544750346 0.000385069536928234 0.0021911809668621897 0.00023726211300830106 0.013811547678736977 0.0908301040432074 0.5896013015117794 0.03577785331750813 0.031640423682267 0.014308649979856447 0.0048412374241822475 0.015242002592481329 0.06048974804682698 0.0015540715664656124 0.0009322563354814334 0.0009301880001379106 0.010540834960716472 0.03712237743365967 0.028050414569195804 0.02218576721212288 0.015440649879021686
0.0015419616175646332 0.0006553909127319073 0.0012227847867096748 0.0007739609544560927 0.014106514625093105 0.0007064297669927377 0.0002220915974418054 0.0025801622396089876 0.0013358315200809677 0.002474244797389826 0.004624130192479459 0.004187086266670859 0.0006120875621744224 0.00013058574577918584 0.0016223247972288275 0.0009990178874472728 0.004097709245921787 0.0007692620229076255 0.0005504018967005577 0.000575180057447187 0.0010922882472987742 0.0011025860330887735 0.005701524056434811 0.013742220518335872 0.016505516065226978 0.3337808084422135 0.08589955461769172 0.03875107629889343 0.031027255537864628 0.09293826723091916 0.18624035313088255 0.02442320199863706 0.0013554968082619876 0.010628103218007308 0.007508425336926577 0.0029255608829142888 0.028809805931842142 0.05413957640435039 0.01964122074738303
0.0021236008784031725 0.0006532639856085203 0.0021747873932811655 0.0008065441344718272 0.004278029346242034 0.0023506778318920815 0.0012104856082471023 0.00726798261070293 0.0018978078137096605 0.0018121187361876383 0.017080945500405995 0.0027941550582568767 0.0001228300795614634 0.0001426181449835887 0.0009562508594682214 0.0006765189030363527 0.00040778342486877796 0.0002381808508835292 0.00023781822393955648 0.0010132562202098496 0.0009919119573275248 0.0015539943150565082 0.005094942311265455 0.0076682282620301285 0.006737409464986951 0.031092579414047118 0.13738802582919427 0.0586221447123117 0.06468659543555651 0.14195248571743438 0.23189959065526178 0.07271429912334007 0.022506031959778874 0.046447164216155086 0.012073768957940847 0.004443054715023544 0.017971321952619163 0.04856748892699135 0.03934330646931843
0.0005659634024222519 0.0003115760749979773 0.0015092297040357264 0.0003634322453169912 0.001616747149437002 0.0007775371152783958 0.00012089754323181438 0.0007503894870658273 0.0004015694386319662 0.00018393806130798397 0.00022242033593516462 9.73894442736254e-05 0.00010666839973604218 2.248534210220747e-05 0.00032604500768745756 4.851363026003759e-05 8.740466221173989e-05 7.034229891092345e-05 6.303290061567523e-05 0.0003277628678079932 6.570016211566114e-05 0.0007145832977500592 0.0026043762872081542 0.003039056077177032 0.0010650196763746578 0.034628854901615 0.014160413644082145 0.022217913637306047 0.000846617253020314 0.006250916954897472 0.0214744388185678 0.006479706127962758 0.5629358147980521 0.06913560377196805 0.046874713442558114 0.05612536463676929 0.014788515808605523 0.11064746630373891 0.01797157928896431
0.002851763043409412 0.0013595037954659557 0.0026887470216378304 0.008046932744511275 0.0037106636181582983 0.0009654104844751421 0.00015885171788082746 0.0013117590870996693 0.0003994093440297452 0.0008734663936186257 0.0020135420556317276 0.0014559974809548253 0.0009760377628552299 0.00012806866941996096 0.00021894512093098426 0.00010552324630286883 7.101579402605847e-05 5.6724076653910874e-05 3.723300836415862e-05 7.135585169159261e-05 0.000360601155059043 0.004274826732157178 0.0049919129056377855 0.0021048056653128057 0.0015753941187117092 0.01485666548917755 0.006480594455213333 0.0032898618919714666 0.000270280817707675 0.004373591582673419 0.009296272792911292 0.010190097944996332 0.6987454028700215 0.13258765545510906 0.01165048261735223 0.00612549639690172 0.0021007958759866165 0.030170538054153113 0.029053772861828184
0.017737781396127892 0.004674132681357598 0.002211328984299363 0.013622491299160084 0.0017676184898285409 0.0016322611033246814 0.0004665782112945933 0.0019085934120090526 0.0003543425944277097 0.0006327042239453894 0.010466406717658638 0.002490769992719975 0.004009690606326991 0.0005409962931142442 0.0008583921808814538 0.0001975959899360017 0.0005371697494059175 0.00033654308351329206 0.00016959992391508226 0.0005267911579438558 0.0012818078822635069 0.0011188299561078602 0.009782794392650496 0.0010707216838223307 0.0008404703422545584 0.02005444618374454 0.006655308847007553 0.003910761955055035 0.0012485634707368166 0.01324400749134627 0.03123897382755125 0.03077918920047724 0.46839364525273525 0.18414151677864007 0.01652074419188125 0.007628914578501713 0.007100733344280088 0.01983151459923588 0.11001526793051801
0.047699820179437614 0.009554969630859035 0.0038151244170400687 0.01879486798632504 0.0019459120917135083 0.0024020234640119644 0.00035871885788380675 0.0014874408344929526 0.0012779692206345756 0.0014270216743813618 0.007322546978749322 0.0053881160666636565 0.00196243885046206 0.002492291507573313 0.00661240886288755 0.0005010959826959366 0.0006593937505350076 0.002781665718371081 0.00026592970950657294 0.00031251604378271664 0.0025064786378479584 0.0019405748166368868 0.01140105443614462 0.002822249839631548 0.0047782478506536745 0.0031219393657305177 0.0067662625085788365 0.00305776389440317 0.0013362730010724611 0.008759829651982364 0.010008475397340842 0.02257898116479688 0.14336090136991153 0.21869021432336863 0.022063989780392906 0.011796478401032809 0.01778859818189725 0.015060855812079124 0.3750985597384908
0.006106055333700831 0.0018558073367610684 0.004344389767031975 0.00046558681773974006 0.0012240068488348307 0.0011306024734832742 0.0003048292277613281 0.0011696625694509063 0.0022865797454000732 0.00015290913635293806 0.0011484233866561205 0.0010640855928671816 0.0012901895611623733 9.886032562714962e-05 0.006422909981040875 0.0003182001747139998 0.0008547098266508779 0.0006686808320444574 0.00016874092045797204 0.0005728623174774169 0.00045770609378960753 0.000943138557654611 0.0032453882189152016 0.00601363502503649 0.013010309516425959 0.004366752582476223 0.0038407179026327524 0.010597365984787312 0.0006685593410677421 0.009649790120508843 0.011899273856148725 0.009225898320760349 0.08467818089137366 0.11245460135780593 0.07959197236494873 0.3411657161192245 0.022518544005375438 0.16598550270618304 0.0880388548596695
0.001593581700927472 0.0007577602203299775 0.0019810632000192116 0.00025075525630720313 0.0007467848481429067 0.0005453565687209175 0.0003099228481889563 0.0013744306569114606 0.0012270204390648436 0.00015237953213657573 0.0004738151438665857 0.0003624972645149517 0.0004639034548885576 8.357978028354721e-05 0.0015045902982184038 0.00020787046763023377 0.0003107884022093096 0.0003491512381597922 0.00015111945120414036 0.0013413479703395766 0.000194303143091985 0.0005142669613795868 0.001204601959906958 0.004454219113026312 0.008895894555307088 0.005435568770812567 0.006623745653602116 0.011717395469483149 0.0007694071913017647 0.009191408309381895 0.018681215495611074 0.002734558690453389 0.020693572517223053 0.023743019687438954 0.04097172926958007 0.11765255163409108 0.027529429069952205 0.6683607148686185 0.01644467889767374
0.0009210497779593511 0.0005804494941651652 0.0011873981526937549 0.00017037030848103264 0.0002894247540048951 0.00036767809938853145 0.00010881496814310683 0.0009460351974286152 0.0007951008695852267 0.00015289808645911843 0.0007393015966406241 0.0005653590662670535 0.0015415389511681343 0.00020186355608176548 0.0016797395165701785 0.0003305888232298111 0.0006333284418379314 0.0011324659859122516 0.0004377153963992655 0.0017129071883604115 0.0003100793800489279 0.0002249261550043894 0.0023395014169061983 0.0024540484042560986 0.0008266578741599781 0.009000949559927817 0.008362506163182026 0.011176753955299254 0.000990729156864192 0.018841786058026375 0.016549843164463604 0.00426025117974516 0.054009188174668085 0.04391207499732846 0.05787175423371387 0.0484900767771288 0.07888324575785363 0.6097532206639807 0.017248378696666188
0.0018150225474170103 0.001728607395931499 0.0005490737422428455 0.00024299692980641647 0.0038423543272027762 0.0009593535701890497 0.0001834735321660358 0.009035408279287295 0.01042329684418928 0.00018550254118136262 0.001414939924973722 0.0007511723861242832 0.0033507350129296743 2.9278061080415848e-05 0.00047594197184689296 0.0005334171345509883 0.0010295026088996055 0.0021064637394019718 0.0001850946377154729 0.00043858856674336145 0.0005842733490650779 0.00072205371036474 0.001427107636645307 0.00899883881275132 0.03164835230571035 0.005633274773161877 0.002948364959993242 0.00042476793507713074 0.00018079515654785208 0.0021617907315609817 0.13102345524487946 0.03335271206401977 0.03801303653664734 0.02158688007703189 0.24676854966839468 0.309127870767261 0.07512675439021062 0.024579078856005084 0.02641181927079244
0.006947329214383029 0.002004371583837426 0.0021621086691440503 0.0012189369329695609 0.014554363346714037 0.0015398564519731929 0.0003209228075918858 0.0031732989081691347 0.004084036427126014 0.0013215082546391879 0.009191896506059298 0.0026097229918503905 0.0013542574930103183 0.00010035553887378314 0.0018468306396821105 0.0014268153968206249 0.003406168025779328 0.0013054801038586408 0.0005099434537772213 0.0005441727765886964 0.0013547683564995897 0.002225751556708292 0.0018379410914628098 0.0030347163538346593 0.008707723147809933 0.009253009754081545 0.0021609552807330358 0.0009633646292324156 0.0007848592327182554 0.005306724697588822 0.029187060781651116 0.03407690498407322 0.02210859591075084 0.07583322074630211 0.06489825404496945 0.11550716966360003 0.33959125802682866 0.027430024901494668 0.19611532131681247
0.19371969025881794 0.01666184480309997 0.0007962244095203221 0.005872998112618771 0.003989732379474829 0.004313357765441889 0.0007323123160683931 0.0054650738039226 0.006388151184761447 0.0003289699561851887 0.0010508249190565896 0.0027112270545713137 0.0013264153151490692 0.0005001828810735793 0.0013437534297167195 0.0003930581792844692 0.0003417796145816641 0.0009684806667716236 0.0005755932427276742 0.001079844829964934 0.001898364776117186 0.003038805626496657 0.0039038431009087177 0.0067452299983772925 0.006366847228830061 0.004993288009181303 0.002715568530254888 0.002311954892926916 0.001660579020505513 0.006891281410730476 0.018295765204976795 0.02754707743734298 0.049191766725429 0.06809649144828785 0.043341489223992384 0.06163751626196166 0.03572949831073775 0.024842569942523374 0.3822325477276101

